SQUARE:	.word 64, 64
.byte
199 199 199 199 199 199 199 199 199 199 199 199 199 199 199 199 199 199 199 199 199 199 199 199 199 199 199 199 199 199 199 199 199 199 199 199 199 199 199 199 199 199 199 199 199 199 199 199 199 199 199 199 199 199 199 199 199 199 199 199 199 199 199 199 
199 199 165 165 165 165 165 165 165 165 165 165 165 165 165 165 165 165 165 165 165 165 165 165 165 165 165 165 165 165 165 165 165 165 165 165 165 165 165 165 165 165 165 165 165 165 165 165 165 165 165 165 165 165 165 165 165 165 165 165 165 165 199 199 
199 165 238 238 238 238 238 238 238 238 238 238 238 238 238 238 238 238 238 238 238 238 238 238 238 238 238 238 238 238 238 238 238 238 238 238 238 238 238 238 238 238 238 238 238 238 238 238 238 238 238 238 238 238 238 238 238 238 238 238 238 238 165 199 
199 165 238 238 238 238 238 238 238 238 238 238 238 238 238 238 238 238 238 238 238 238 238 238 238 238 238 238 238 238 238 238 238 238 238 238 238 238 238 238 238 238 238 238 238 238 238 238 238 238 238 238 238 238 238 238 238 238 238 238 238 238 165 199 
199 165 238 238 238 238 238 238 238 238 238 238 238 238 238 238 238 238 238 238 238 238 238 238 238 238 238 238 238 238 238 238 238 238 238 238 238 238 238 238 238 238 238 238 238 238 238 238 238 238 238 238 238 238 238 238 238 238 238 238 238 238 165 199 
199 165 238 238 238 238 238 238 238 238 238 238 238 238 238 238 238 238 238 238 238 238 238 238 238 238 238 238 238 238 238 238 238 238 238 238 238 238 238 238 238 238 238 238 238 238 238 238 238 238 238 238 238 238 238 238 238 238 238 238 238 238 165 199 
199 165 238 238 238 238 238 238 238 238 238 238 238 238 238 238 238 238 238 238 238 238 238 238 238 238 238 238 238 238 238 238 238 238 238 238 238 238 238 238 238 238 238 238 238 238 238 238 238 238 238 238 238 238 238 238 238 238 238 238 238 238 165 199 
199 165 238 238 238 238 238 238 238 238 238 238 238 238 238 238 238 238 238 238 238 238 238 238 238 238 238 238 238 238 238 238 238 238 238 238 238 238 238 238 238 238 238 238 238 238 238 238 238 238 238 238 238 238 238 238 238 238 238 238 238 238 165 199 
199 165 238 238 238 238 238 238 238 238 238 238 238 238 238 238 238 238 238 238 238 238 238 238 238 238 238 238 238 238 238 238 238 238 238 238 238 238 238 238 238 238 238 238 238 238 238 238 238 238 238 238 238 238 238 238 238 238 238 238 238 238 165 199 
199 165 238 238 238 238 238 238 238 238 238 238 238 238 238 238 238 238 238 238 238 238 238 238 238 238 238 238 238 238 238 238 238 238 238 238 238 238 238 238 238 238 238 238 238 238 238 238 238 238 238 238 238 238 238 238 238 238 238 238 238 238 165 199 
199 165 238 238 238 238 238 238 238 238 238 238 238 238 238 238 238 238 238 238 238 238 238 238 238 238 238 238 238 238 238 238 238 238 238 238 238 238 238 238 238 238 238 238 238 238 238 238 238 238 238 238 238 238 238 238 238 238 238 238 238 238 165 199 
199 165 238 238 238 238 238 238 238 238 238 238 238 238 238 238 238 238 238 238 238 238 238 238 238 238 238 238 238 238 238 238 238 238 238 238 238 238 238 238 238 238 238 238 238 238 238 238 238 238 238 238 238 238 238 238 238 238 238 238 238 238 165 199 
199 165 238 238 238 238 238 238 238 238 238 238 238 238 238 238 238 238 238 238 238 238 238 238 238 238 238 238 238 238 238 238 238 238 238 238 238 238 238 238 238 238 238 238 238 238 238 238 238 238 238 238 238 238 238 238 238 238 238 238 238 238 165 199 
199 165 238 238 238 238 238 238 238 238 238 238 238 238 238 238 238 238 238 238 238 238 238 238 238 238 238 238 238 238 238 238 238 238 238 238 238 238 238 238 238 238 238 238 238 238 238 238 238 238 238 238 238 238 238 238 238 238 238 238 238 238 165 199 
199 165 238 238 238 238 238 238 238 238 238 238 238 238 238 238 238 238 238 238 238 238 238 238 238 238 238 238 238 238 238 238 238 238 238 238 238 238 238 238 238 238 238 238 238 238 238 238 238 238 238 238 238 238 238 238 238 238 238 238 238 238 165 199 
199 165 238 238 238 238 238 238 238 238 238 238 238 238 238 238 238 238 238 238 238 238 238 238 238 238 238 238 238 238 238 238 238 238 238 238 238 238 238 238 238 238 238 238 238 238 238 238 238 238 238 238 238 238 238 238 238 238 238 238 238 238 165 199 
199 165 238 238 238 238 238 238 238 238 238 238 238 238 238 238 238 238 238 238 238 238 238 238 238 238 238 238 238 238 238 238 238 238 238 238 238 238 238 238 238 238 238 238 238 238 238 238 238 238 238 238 238 238 238 238 238 238 238 238 238 238 165 199 
199 165 238 238 238 238 238 238 238 238 238 238 238 238 238 238 238 238 238 238 238 238 238 238 238 238 238 238 238 238 238 238 238 238 238 238 238 238 238 238 238 238 238 238 238 238 238 238 238 238 238 238 238 238 238 238 238 238 238 238 238 238 165 199 
199 165 238 238 238 238 238 238 238 238 238 238 238 238 238 238 238 238 238 238 238 238 238 238 238 238 238 238 238 238 238 238 238 238 238 238 238 238 238 238 238 238 238 238 238 238 238 238 238 238 238 238 238 238 238 238 238 238 238 238 238 238 165 199 
199 165 238 238 238 238 238 238 238 238 238 238 238 238 238 238 238 238 238 238 238 238 238 238 238 238 238 238 238 238 238 238 238 238 238 238 238 238 238 238 238 238 238 238 238 238 238 238 238 238 238 238 238 238 238 238 238 238 238 238 238 238 165 199 
199 165 238 238 238 238 238 238 238 238 238 238 238 238 238 238 238 238 238 238 238 238 238 238 238 238 238 238 238 238 238 238 238 238 238 238 238 238 238 238 238 238 238 238 238 238 238 238 238 238 238 238 238 238 238 238 238 238 238 238 238 238 165 199 
199 165 238 238 238 238 238 238 238 238 238 238 238 238 238 238 238 238 238 238 238 238 238 238 238 238 238 238 238 238 238 238 238 238 238 238 238 238 238 238 238 238 238 238 238 238 238 238 238 238 238 238 238 238 238 238 238 238 238 238 238 238 165 199 
199 165 238 238 238 238 238 238 238 238 238 238 238 238 238 238 238 238 238 238 238 238 238 238 238 238 238 238 238 238 238 238 238 238 238 238 238 238 238 238 238 238 238 238 238 238 238 238 238 238 238 238 238 238 238 238 238 238 238 238 238 238 165 199 
199 165 238 238 238 238 238 238 238 238 238 238 238 238 238 238 238 238 238 238 238 238 238 238 238 238 238 238 238 238 238 238 238 238 238 238 238 238 238 238 238 238 238 238 238 238 238 238 238 238 238 238 238 238 238 238 238 238 238 238 238 238 165 199 
199 165 238 238 238 238 238 238 238 238 238 238 238 238 238 238 238 238 238 238 238 238 238 238 238 238 238 238 238 238 238 238 238 238 238 238 238 238 238 238 238 238 238 238 238 238 238 238 238 238 238 238 238 238 238 238 238 238 238 238 238 238 165 199 
199 165 238 238 238 238 238 238 238 238 238 238 238 238 238 238 238 238 238 238 238 238 238 238 238 238 238 238 238 238 238 238 238 238 238 238 238 238 238 238 238 238 238 238 238 238 238 238 238 238 238 238 238 238 238 238 238 238 238 238 238 238 165 199 
199 165 238 238 238 238 238 238 238 238 238 238 238 238 238 238 238 238 238 238 238 238 238 238 238 238 238 238 238 238 238 238 238 238 238 238 238 238 238 238 238 238 238 238 238 238 238 238 238 238 238 238 238 238 238 238 238 238 238 238 238 238 165 199 
199 165 238 238 238 238 238 238 238 238 238 238 238 238 238 238 238 238 238 238 238 238 238 238 238 238 238 238 238 238 238 238 238 238 238 238 238 238 238 238 238 238 238 238 238 238 238 238 238 238 238 238 238 238 238 238 238 238 238 238 238 238 165 199 
199 165 238 238 238 238 238 238 238 238 238 238 238 238 238 238 238 238 238 238 238 238 238 238 238 238 238 238 238 238 238 238 238 238 238 238 238 238 238 238 238 238 238 238 238 238 238 238 238 238 238 238 238 238 238 238 238 238 238 238 238 238 165 199 
199 165 238 238 238 238 238 238 238 238 238 238 238 238 238 238 238 238 238 238 238 238 238 238 238 238 238 238 238 238 238 238 238 238 238 238 238 238 238 238 238 238 238 238 238 238 238 238 238 238 238 238 238 238 238 238 238 238 238 238 238 238 165 199 
199 165 238 238 238 238 238 238 238 238 238 238 238 238 238 238 238 238 238 238 238 238 238 238 238 238 238 238 238 238 238 238 238 238 238 238 238 238 238 238 238 238 238 238 238 238 238 238 238 238 238 238 238 238 238 238 238 238 238 238 238 238 165 199 
199 165 238 238 238 238 238 238 238 238 238 238 238 238 238 238 238 238 238 238 238 238 238 238 238 238 238 238 238 238 238 238 238 238 238 238 238 238 238 238 238 238 238 238 238 238 238 238 238 238 238 238 238 238 238 238 238 238 238 238 238 238 165 199 
199 165 238 238 238 238 238 238 238 238 238 238 238 238 238 238 238 238 238 238 238 238 238 238 238 238 238 238 238 238 238 238 238 238 238 238 238 238 238 238 238 238 238 238 238 238 238 238 238 238 238 238 238 238 238 238 238 238 238 238 238 238 165 199 
199 165 238 238 238 238 238 238 238 238 238 238 238 238 238 238 238 238 238 238 238 238 238 238 238 238 238 238 238 238 238 238 238 238 238 238 238 238 238 238 238 238 238 238 238 238 238 238 238 238 238 238 238 238 238 238 238 238 238 238 238 238 165 199 
199 165 238 238 238 238 238 238 238 238 238 238 238 238 238 238 238 238 238 238 238 238 238 238 238 238 238 238 238 238 238 238 238 238 238 238 238 238 238 238 238 238 238 238 238 238 238 238 238 238 238 238 238 238 238 238 238 238 238 238 238 238 165 199 
199 165 238 238 238 238 238 238 238 238 238 238 238 238 238 238 238 238 238 238 238 238 238 238 238 238 238 238 238 238 238 238 238 238 238 238 238 238 238 238 238 238 238 238 238 238 238 238 238 238 238 238 238 238 238 238 238 238 238 238 238 238 165 199 
199 165 238 238 238 238 238 238 238 238 238 238 238 238 238 238 238 238 238 238 238 238 238 238 238 238 238 238 238 238 238 238 238 238 238 238 238 238 238 238 238 238 238 238 238 238 238 238 238 238 238 238 238 238 238 238 238 238 238 238 238 238 165 199 
199 165 238 238 238 238 238 238 238 238 238 238 238 238 238 238 238 238 238 238 238 238 238 238 238 238 238 238 238 238 238 238 238 238 238 238 238 238 238 238 238 238 238 238 238 238 238 238 238 238 238 238 238 238 238 238 238 238 238 238 238 238 165 199 
199 165 238 238 238 238 238 238 238 238 238 238 238 238 238 238 238 238 238 238 238 238 238 238 238 238 238 238 238 238 238 238 238 238 238 238 238 238 238 238 238 238 238 238 238 238 238 238 238 238 238 238 238 238 238 238 238 238 238 238 238 238 165 199 
199 165 238 238 238 238 238 238 238 238 238 238 238 238 238 238 238 238 238 238 238 238 238 238 238 238 238 238 238 238 238 238 238 238 238 238 238 238 238 238 238 238 238 238 238 238 238 238 238 238 238 238 238 238 238 238 238 238 238 238 238 238 165 199 
199 165 238 238 238 238 238 238 238 238 238 238 238 238 238 238 238 238 238 238 238 238 238 238 238 238 238 238 238 238 238 238 238 238 238 238 238 238 238 238 238 238 238 238 238 238 238 238 238 238 238 238 238 238 238 238 238 238 238 238 238 238 165 199 
199 165 238 238 238 238 238 238 238 238 238 238 238 238 238 238 238 238 238 238 238 238 238 238 238 238 238 238 238 238 238 238 238 238 238 238 238 238 238 238 238 238 238 238 238 238 238 238 238 238 238 238 238 238 238 238 238 238 238 238 238 238 165 199 
199 165 238 238 238 238 238 238 238 238 238 238 238 238 238 238 238 238 238 238 238 238 238 238 238 238 238 238 238 238 238 238 238 238 238 238 238 238 238 238 238 238 238 238 238 238 238 238 238 238 238 238 238 238 238 238 238 238 238 238 238 238 165 199 
199 165 238 238 238 238 238 238 238 238 238 238 238 238 238 238 238 238 238 238 238 238 238 238 238 238 238 238 238 238 238 238 238 238 238 238 238 238 238 238 238 238 238 238 238 238 238 238 238 238 238 238 238 238 238 238 238 238 238 238 238 238 165 199 
199 165 238 238 238 238 238 238 238 238 238 238 238 238 238 238 238 238 238 238 238 238 238 238 238 238 238 238 238 238 238 238 238 238 238 238 238 238 238 238 238 238 238 238 238 238 238 238 238 238 238 238 238 238 238 238 238 238 238 238 238 238 165 199 
199 165 238 238 238 238 238 238 238 238 238 238 238 238 238 238 238 238 238 238 238 238 238 238 238 238 238 238 238 238 238 238 238 238 238 238 238 238 238 238 238 238 238 238 238 238 238 238 238 238 238 238 238 238 238 238 238 238 238 238 238 238 165 199 
199 165 238 238 238 238 238 238 238 238 238 238 238 238 238 238 238 238 238 238 238 238 238 238 238 238 238 238 238 238 238 238 238 238 238 238 238 238 238 238 238 238 238 238 238 238 238 238 238 238 238 238 238 238 238 238 238 238 238 238 238 238 165 199 
199 165 238 238 238 238 238 238 238 238 238 238 238 238 238 238 238 238 238 238 238 238 238 238 238 238 238 238 238 238 238 238 238 238 238 238 238 238 238 238 238 238 238 238 238 238 238 238 238 238 238 238 238 238 238 238 238 238 238 238 238 238 165 199 
199 165 238 238 238 238 238 238 238 238 238 238 238 238 238 238 238 238 238 238 238 238 238 238 238 238 238 238 238 238 238 238 238 238 238 238 238 238 238 238 238 238 238 238 238 238 238 238 238 238 238 238 238 238 238 238 238 238 238 238 238 238 165 199 
199 165 238 238 238 238 238 238 238 238 238 238 238 238 238 238 238 238 238 238 238 238 238 238 238 238 238 238 238 238 238 238 238 238 238 238 238 238 238 238 238 238 238 238 238 238 238 238 238 238 238 238 238 238 238 238 238 238 238 238 238 238 165 199 
199 165 238 238 238 238 238 238 238 238 238 238 238 238 238 238 238 238 238 238 238 238 238 238 238 238 238 238 238 238 238 238 238 238 238 238 238 238 238 238 238 238 238 238 238 238 238 238 238 238 238 238 238 238 238 238 238 238 238 238 238 238 165 199 
199 165 238 238 238 238 238 238 238 238 238 238 238 238 238 238 238 238 238 238 238 238 238 238 238 238 238 238 238 238 238 238 238 238 238 238 238 238 238 238 238 238 238 238 238 238 238 238 238 238 238 238 238 238 238 238 238 238 238 238 238 238 165 199 
199 165 238 238 238 238 238 238 238 238 238 238 238 238 238 238 238 238 238 238 238 238 238 238 238 238 238 238 238 238 238 238 238 238 238 238 238 238 238 238 238 238 238 238 238 238 238 238 238 238 238 238 238 238 238 238 238 238 238 238 238 238 165 199 
199 165 238 238 238 238 238 238 238 238 238 238 238 238 238 238 238 238 238 238 238 238 238 238 238 238 238 238 238 238 238 238 238 238 238 238 238 238 238 238 238 238 238 238 238 238 238 238 238 238 238 238 238 238 238 238 238 238 238 238 238 238 165 199 
199 165 238 238 238 238 238 238 238 238 238 238 238 238 238 238 238 238 238 238 238 238 238 238 238 238 238 238 238 238 238 238 238 238 238 238 238 238 238 238 238 238 238 238 238 238 238 238 238 238 238 238 238 238 238 238 238 238 238 238 238 238 165 199 
199 165 238 238 238 238 238 238 238 238 238 238 238 238 238 238 238 238 238 238 238 238 238 238 238 238 238 238 238 238 238 238 238 238 238 238 238 238 238 238 238 238 238 238 238 238 238 238 238 238 238 238 238 238 238 238 238 238 238 238 238 238 165 199 
199 165 238 238 238 238 238 238 238 238 238 238 238 238 238 238 238 238 238 238 238 238 238 238 238 238 238 238 238 238 238 238 238 238 238 238 238 238 238 238 238 238 238 238 238 238 238 238 238 238 238 238 238 238 238 238 238 238 238 238 238 238 165 199 
199 165 238 238 238 238 238 238 238 238 238 238 238 238 238 238 238 238 238 238 238 238 238 238 238 238 238 238 238 238 238 238 238 238 238 238 238 238 238 238 238 238 238 238 238 238 238 238 238 238 238 238 238 238 238 238 238 238 238 238 238 238 165 199 
199 165 238 238 238 238 238 238 238 238 238 238 238 238 238 238 238 238 238 238 238 238 238 238 238 238 238 238 238 238 238 238 238 238 238 238 238 238 238 238 238 238 238 238 238 238 238 238 238 238 238 238 238 238 238 238 238 238 238 238 238 238 165 199 
199 165 238 238 238 238 238 238 238 238 238 238 238 238 238 238 238 238 238 238 238 238 238 238 238 238 238 238 238 238 238 238 238 238 238 238 238 238 238 238 238 238 238 238 238 238 238 238 238 238 238 238 238 238 238 238 238 238 238 238 238 238 165 199 
199 165 238 238 238 238 238 238 238 238 238 238 238 238 238 238 238 238 238 238 238 238 238 238 238 238 238 238 238 238 238 238 238 238 238 238 238 238 238 238 238 238 238 238 238 238 238 238 238 238 238 238 238 238 238 238 238 238 238 238 238 238 165 199 
199 165 238 238 238 238 238 238 238 238 238 238 238 238 238 238 238 238 238 238 238 238 238 238 238 238 238 238 238 238 238 238 238 238 238 238 238 238 238 238 238 238 238 238 238 238 238 238 238 238 238 238 238 238 238 238 238 238 238 238 238 238 165 199 
199 199 165 165 165 165 165 165 165 165 165 165 165 165 165 165 165 165 165 165 165 165 165 165 165 165 165 165 165 165 165 165 165 165 165 165 165 165 165 165 165 165 165 165 165 165 165 165 165 165 165 165 165 165 165 165 165 165 165 165 165 165 199 199 
199 199 199 199 199 199 199 199 199 199 199 199 199 199 199 199 199 199 199 199 199 199 199 199 199 199 199 199 199 199 199 199 199 199 199 199 199 199 199 199 199 199 199 199 199 199 199 199 199 199 199 199 199 199 199 199 199 199 199 199 199 199 199 199 
